0	0.0770444	0.0770444	4.35087e-12	5.16595e-29	6.62003e-35
100	0.0770444	0.0770444	4.43407e-08	2.43389e-17	1.32767e-26
200	0.0770444	0.0770444	1.75113e-07	1.5053e-15	1.28645e-23
300	0.0770444	0.0770444	3.90852e-07	1.68536e-14	7.23046e-22
400	0.0770444	0.0770444	6.89137e-07	9.32721e-14	1.25735e-20
500	0.0770444	0.0770444	1.06664e-06	3.50143e-13	1.14639e-19
600	0.0770444	0.0770443	1.51915e-06	1.02692e-12	6.93531e-19
700	0.0770444	0.0770443	2.04169e-06	2.53745e-12	3.15709e-18
800	0.0770444	0.0770443	2.62853e-06	5.52602e-12	1.16581e-17
900	0.0770444	0.0770442	3.2733e-06	1.09198e-11	3.66565e-17
1000	0.0770444	0.0770442	3.9691e-06	1.99724e-11	1.01446e-16
1100	0.0770444	0.0770441	4.70857e-06	3.42938e-11	2.53011e-16
1200	0.0770444	0.077044	5.48401e-06	5.58613e-11	5.78677e-16
1300	0.0770444	0.0770439	6.28751e-06	8.70091e-11	1.22991e-15
1400	0.0770444	0.0770437	7.11103e-06	1.30393e-10	2.45422e-15
1500	0.0770444	0.0770435	7.94653e-06	1.88929e-10	4.63546e-15
1600	0.0770444	0.0770433	8.7861e-06	2.65708e-10	8.34175e-15
1700	0.0770444	0.077043	9.62203e-06	3.63886e-10	1.4379e-14
1800	0.0770444	0.0770427	1.04469e-05	4.86555e-10	2.38466e-14
1900	0.0770444	0.0770423	1.12539e-05	6.36597e-10	3.81905e-14
2000	0.0770444	0.0770419	1.20364e-05	8.16537e-10	5.92469e-14
2100	0.0770444	0.0770415	1.27887e-05	1.02838e-09	8.92698e-14
2200	0.0770444	0.077041	1.35056e-05	1.27348e-09	1.30935e-13
2300	0.0770444	0.0770405	1.41825e-05	1.55237e-09	1.87312e-13
2400	0.0770444	0.0770399	1.48158e-05	1.8647e-09	2.61797e-13
2500	0.0770444	0.0770393	1.54025e-05	2.20912e-09	3.58008e-13
2600	0.0770444	0.0770387	1.59404e-05	2.58326e-09	4.79628e-13
2700	0.0770444	0.0770381	1.64284e-05	2.98369e-09	6.30217e-13
2800	0.0770444	0.0770374	1.68657e-05	3.406e-09	8.12975e-13
2900	0.0770444	0.0770367	1.72527e-05	3.84486e-09	1.03049e-12
3000	0.0770444	0.0770359	1.75902e-05	4.29416e-09	1.28448e-12
3100	0.0770444	0.0770352	1.788e-05	4.74718e-09	1.57552e-12
3200	0.0770444	0.0770344	1.81242e-05	5.1968e-09	1.90281e-12
3300	0.0770444	0.0770337	1.83256e-05	5.63576e-09	2.26402e-12
3400	0.0770444	0.0770329	1.84876e-05	6.05687e-09	2.65514e-12
3500	0.0770444	0.0770322	1.86136e-05	6.45332e-09	3.07051e-12
3600	0.0770444	0.0770315	1.87075e-05	6.81893e-09	3.50285e-12
3700	0.0770444	0.0770308	1.87736e-05	7.14841e-09	3.94351e-12
3800	0.0770444	0.0770301	1.88159e-05	7.43759e-09	4.38275e-12
3900	0.0770444	0.0770295	1.88386e-05	7.68358e-09	4.81017e-12
4000	0.0770444	0.0770289	1.88458e-05	7.88495e-09	5.21521e-12
4100	0.0770444	0.0770283	1.88414e-05	8.04179e-09	5.58772e-12
4200	0.0770444	0.0770278	1.88288e-05	8.15575e-09	5.91854e-12
4300	0.0770444	0.0770274	1.88115e-05	8.22997e-09	6.20008e-12
4400	0.0770444	0.077027	1.87921e-05	8.26899e-09	6.42682e-12
4500	0.0770444	0.0770266	1.8773e-05	8.27857e-09	6.59574e-12
4600	0.0770444	0.0770263	1.87559e-05	8.26544e-09	6.70657e-12
4700	0.0770444	0.0770261	1.87421e-05	8.23702e-09	6.7619e-12
4800	0.0770444	0.0770259	1.87322e-05	8.20108e-09	6.76706e-12
4900	0.0770444	0.0770258	1.87262e-05	8.16541e-09	6.72978e-12
5000	0.0770444	0.0770257	1.87235e-05	8.13743e-09	6.65975e-12
5100	0.0770444	0.0770256	1.87229e-05	8.12384e-09	6.56788e-12
5200	0.0770444	0.0770257	1.87227e-05	8.13026e-09	6.46552e-12
5300	0.0770444	0.0770257	1.87208e-05	8.16097e-09	6.36355e-12
5400	0.0770444	0.0770258	1.87143e-05	8.21864e-09	6.2715e-12
5500	0.0770444	0.0770259	1.87003e-05	8.30416e-09	6.19676e-12
5600	0.0770444	0.0770261	1.86755e-05	8.41655e-09	6.14384e-12
5700	0.0770444	0.0770262	1.86364e-05	8.55297e-09	6.11397e-12
5800	0.0770444	0.0770264	1.85791e-05	8.7088e-09	6.10486e-12
5900	0.0770444	0.0770266	1.85002e-05	8.87786e-09	6.11087e-12
6000	0.0770444	0.0770267	1.83961e-05	9.05264e-09	6.12347e-12
6100	0.0770444	0.0770269	1.82633e-05	9.22471e-09	6.13199e-12
6200	0.0770444	0.077027	1.80989e-05	9.38515e-09	6.12478e-12
6300	0.0770444	0.0770272	1.79003e-05	9.52501e-09	6.09045e-12
6400	0.0770444	0.0770273	1.76653e-05	9.63585e-09	6.01937e-12
6500	0.0770444	0.0770273	1.73924e-05	9.71031e-09	5.90509e-12
6600	0.0770444	0.0770274	1.70809e-05	9.74255e-09	5.74574e-12
6700	0.0770444	0.0770273	1.67306e-05	9.72882e-09	5.54514e-12
6800	0.0770444	0.0770273	1.63426e-05	9.66781e-09	5.31353e-12
6900	0.0770444	0.0770272	1.59183e-05	9.56102e-09	5.06793e-12
7000	0.0770444	0.077027	1.54606e-05	9.41299e-09	4.83179e-12
7100	0.0770444	0.0770268	1.49729e-05	9.23135e-09	4.63421e-12
7200	0.0770444	0.0770266	1.44599e-05	9.02684e-09	4.50841e-12
7300	0.0770444	0.0770263	1.39269e-05	8.81308e-09	4.48977e-12
7400	0.0770444	0.0770259	1.33805e-05	8.60627e-09	4.61335e-12
7500	0.0770444	0.0770255	1.28277e-05	8.4247e-09	4.91115e-12
7600	0.0770444	0.0770251	1.22768e-05	8.28816e-09	5.40925e-12
7700	0.0770444	0.0770246	1.17365e-05	8.21719e-09	6.12503e-12
7800	0.0770444	0.0770241	1.12162e-05	8.23232e-09	7.06482e-12
7900	0.0770444	0.0770236	1.07258e-05	8.35321e-09	8.22204e-12
8000	0.0770444	0.0770231	1.02758e-05	8.59771e-09	9.57616e-12
8100	0.0770444	0.0770225	9.87669e-06	8.98105e-09	1.10927e-11
8200	0.0770444	0.0770219	9.53924e-06	9.51496e-09	1.27242e-11
8300	0.0770444	0.0770214	9.27421e-06	1.0207e-08	1.44125e-11
8400	0.0770444	0.0770208	9.09215e-06	1.10598e-08	1.60919e-11
8500	0.0770444	0.0770202	9.00331e-06	1.20708e-08	1.76935e-11
8600	0.0770444	0.0770197	9.01746e-06	1.32319e-08	1.91502e-11
8700	0.0770444	0.0770192	9.14374e-06	1.45293e-08	2.04024e-11
8800	0.0770444	0.0770187	9.39052e-06	1.5944e-08	2.14033e-11
8900	0.0770444	0.0770182	9.76527e-06	1.74518e-08	2.21245e-11
9000	0.0770444	0.0770178	1.02744e-05	1.90241e-08	2.25605e-11
9100	0.0770444	0.0770174	1.09231e-05	2.06291e-08	2.27324e-11
9200	0.0770444	0.0770171	1.17155e-05	2.22323e-08	2.26897e-11
9300	0.0770444	0.0770168	1.2654e-05	2.37982e-08	2.25103e-11
9400	0.0770444	0.0770166	1.37401e-05	2.52916e-08	2.2299e-11
9500	0.0770444	0.0770164	1.49733e-05	2.66788e-08	2.21834e-11
9600	0.0770444	0.0770162	1.6352e-05	2.79296e-08	2.23077e-11
9700	0.0770444	0.0770161	1.78727e-05	2.90183e-08	2.2825e-11
9800	0.0770444	0.077016	1.95308e-05	2.99254e-08	2.3888e-11
9900	0.0770444	0.0770159	2.13199e-05	3.0639e-08	2.56389e-11
10000	0.0770444	0.0770159	2.32324e-05	3.11555e-08	2.81985e-11
10100	0.0770444	0.0770159	2.5259e-05	3.14808e-08	3.16564e-11
10200	0.0770444	0.0770159	2.73896e-05	3.16306e-08	3.60617e-11
10300	0.0770444	0.0770159	2.96125e-05	3.16308e-08	4.14161e-11
10400	0.0770444	0.0770159	3.19152e-05	3.15174e-08	4.76689e-11
10500	0.0770444	0.0770158	3.42844e-05	3.13357e-08	5.4716e-11
10600	0.0770444	0.0770158	3.67058e-05	3.114e-08	6.24014e-11
10700	0.0770444	0.0770157	3.91646e-05	3.09917e-08	7.05233e-11
10800	0.0770444	0.0770156	4.16459e-05	3.09581e-08	7.88434e-11
10900	0.0770444	0.0770154	4.41341e-05	3.11107e-08	8.70995e-11
11000	0.0770444	0.0770152	4.6614e-05	3.15227e-08	9.50214e-11
11100	0.0770444	0.0770149	4.90703e-05	3.22671e-08	1.02348e-10
11200	0.0770444	0.0770146	5.14881e-05	3.34139e-08	1.08848e-10
11300	0.0770444	0.0770141	5.3853e-05	3.5028e-08	1.14335e-10
11400	0.0770444	0.0770136	5.61514e-05	3.71669e-08	1.1869e-10
11500	0.0770444	0.077013	5.83704e-05	3.98781e-08	1.21869e-10
11600	0.0770444	0.0770122	6.04982e-05	4.31974e-08	1.23924e-10
11700	0.0770444	0.0770114	6.25241e-05	4.7147e-08	1.25002e-10
11800	0.0770444	0.0770105	6.44388e-05	5.17342e-08	1.25347e-10
11900	0.0770444	0.0770095	6.6234e-05	5.69507e-08	1.25298e-10
12000	0.0770444	0.0770084	6.79033e-05	6.27717e-08	1.25278e-10
12100	0.0770444	0.0770071	6.94414e-05	6.91563e-08	1.25773e-10
12200	0.0770444	0.0770058	7.08448e-05	7.60482e-08	1.27311e-10
12300	0.0770444	0.0770044	7.21114e-05	8.33763e-08	1.3044e-10
12400	0.0770444	0.0770029	7.32408e-05	9.10567e-08	1.3569e-10
12500	0.0770444	0.0770014	7.42339e-05	9.89946e-08	1.4355e-10
12600	0.0770444	0.0769998	7.50934e-05	1.07087e-07	1.5443e-10
12700	0.0770444	0.0769981	7.58231e-05	1.15224e-07	1.68638e-10
12800	0.0770444	0.0769964	7.64281e-05	1.23296e-07	1.86354e-10
12900	0.0770444	0.0769946	7.6915e-05	1.3119e-07	2.07609e-10
13000	0.0770444	0.0769928	7.72911e-05	1.388e-07	2.32277e-10
13100	0.0770444	0.076991	7.75648e-05	1.46025e-07	2.60072e-10
13200	0.0770444	0.0769892	7.77454e-05	1.52773e-07	2.90551e-10
13300	0.0770444	0.0769875	7.78424e-05	1.58967e-07	3.23133e-10
13400	0.0770444	0.0769857	7.78662e-05	1.64543e-07	3.57118e-10
13500	0.0770444	0.076984	7.78271e-05	1.69453e-07	3.91725e-10
13600	0.0770444	0.0769824	7.77357e-05	1.73668e-07	4.26119e-10
13700	0.0770444	0.0769808	7.76023e-05	1.77175e-07	4.59463e-10
13800	0.0770444	0.0769793	7.7437e-05	1.79983e-07	4.9095e-10
13900	0.0770444	0.0769779	7.72495e-05	1.82115e-07	5.19852e-10
14000	0.0770444	0.0769765	7.70488e-05	1.83613e-07	5.45555e-10
14100	0.0770444	0.0769753	7.68433e-05	1.84533e-07	5.67589e-10
14200	0.0770444	0.0769742	7.66403e-05	1.84943e-07	5.85657e-10
14300	0.0770444	0.0769731	7.64464e-05	1.84922e-07	5.99642e-10
14400	0.0770444	0.0769722	7.62669e-05	1.84554e-07	6.09618e-10
14500	0.0770444	0.0769714	7.6106e-05	1.83927e-07	6.15834e-10
14600	0.0770444	0.0769707	7.59667e-05	1.83129e-07	6.18701e-10
14700	0.0770444	0.0769701	7.58507e-05	1.82243e-07	6.18757e-10
14800	0.0770444	0.0769697	7.57587e-05	1.81348e-07	6.16633e-10
14900	0.0770444	0.0769693	7.56899e-05	1.8051e-07	6.1301e-10
15000	0.0770444	0.076969	7.56426e-05	1.79784e-07	6.08568e-10
15100	0.0770444	0.0769688	7.56137e-05	1.79212e-07	6.03942e-10
15200	0.0770444	0.0769687	7.55994e-05	1.78818e-07	5.99679e-10
15300	0.0770444	0.0769686	7.55948e-05	1.78611e-07	5.96201e-10
15400	0.0770444	0.0769686	7.55945e-05	1.78582e-07	5.93776e-10
15500	0.0770444	0.0769686	7.55921e-05	1.78709e-07	5.92504e-10
15600	0.0770444	0.0769687	7.5581e-05	1.78955e-07	5.92313e-10
15700	0.0770444	0.0769688	7.55544e-05	1.79268e-07	5.92973e-10
15800	0.0770444	0.0769688	7.55052e-05	1.79591e-07	5.94117e-10
15900	0.0770444	0.0769689	7.54266e-05	1.79858e-07	5.9528e-10
16000	0.0770444	0.0769689	7.53118e-05	1.80005e-07	5.95946e-10
16100	0.0770444	0.0769689	7.51549e-05	1.79964e-07	5.956e-10
16200	0.0770444	0.0769689	7.49503e-05	1.79678e-07	5.93787e-10
16300	0.0770444	0.0769687	7.46934e-05	1.79098e-07	5.9017e-10
16400	0.0770444	0.0769685	7.43807e-05	1.78189e-07	5.84573e-10
16500	0.0770444	0.0769682	7.40096e-05	1.76931e-07	5.77032e-10
16600	0.0770444	0.0769679	7.35792e-05	1.75327e-07	5.67813e-10
16700	0.0770444	0.0769674	7.30896e-05	1.734e-07	5.5743e-10
16800	0.0770444	0.0769668	7.25428e-05	1.71195e-07	5.46635e-10
16900	0.0770444	0.0769661	7.19421e-05	1.68784e-07	5.36393e-10
17000	0.0770444	0.0769654	7.12927e-05	1.66256e-07	5.27836e-10
17100	0.0770444	0.0769645	7.06011e-05	1.63727e-07	5.22202e-10
17200	0.0770444	0.0769635	6.98758e-05	1.61327e-07	5.2076e-10
17300	0.0770444	0.0769623	6.91267e-05	1.59204e-07	5.24722e-10
17400	0.0770444	0.0769611	6.83652e-05	1.57513e-07	5.35161e-10
17500	0.0770444	0.0769598	6.76042e-05	1.56418e-07	5.5292e-10
17600	0.0770444	0.0769585	6.68579e-05	1.56081e-07	5.78537e-10
17700	0.0770444	0.076957	6.61417e-05	1.56658e-07	6.12177e-10
17800	0.0770444	0.0769555	6.54719e-05	1.58293e-07	6.53597e-10
17900	0.0770444	0.0769539	6.48655e-05	1.61113e-07	7.02117e-10
18000	0.0770444	0.0769524	6.43404e-05	1.6522e-07	7.56638e-10
18100	0.0770444	0.0769507	6.39144e-05	1.70687e-07	8.15673e-10
18200	0.0770444	0.0769491	6.36057e-05	1.77556e-07	8.77419e-10
18300	0.0770444	0.0769475	6.34324e-05	1.85831e-07	9.39846e-10
18400	0.0770444	0.0769459	6.34118e-05	1.95477e-07	1.00081e-09
18500	0.0770444	0.0769443	6.35611e-05	2.06421e-07	1.05821e-09
18600	0.0770444	0.0769428	6.3896e-05	2.1855e-07	1.11006e-09
18700	0.0770444	0.0769413	6.44314e-05	2.31714e-07	1.15473e-09
18800	0.0770444	0.0769399	6.51807e-05	2.45729e-07	1.19099e-09
18900	0.0770444	0.0769386	6.61558e-05	2.60381e-07	1.21816e-09
19000	0.0770444	0.0769373	6.73665e-05	2.75432e-07	1.23619e-09
19100	0.0770444	0.0769362	6.88207e-05	2.90629e-07	1.24572e-09
19200	0.0770444	0.0769352	7.05242e-05	3.05709e-07	1.2481e-09
19300	0.0770444	0.0769342	7.24806e-05	3.20407e-07	1.24532e-09
19400	0.0770444	0.0769334	7.46907e-05	3.3447e-07	1.23998e-09
19500	0.0770444	0.0769327	7.71531e-05	3.47658e-07	1.23516e-09
19600	0.0770444	0.0769321	7.9864e-05	3.59761e-07	1.23425e-09
19700	0.0770444	0.0769316	8.28167e-05	3.706e-07	1.24079e-09
19800	0.0770444	0.0769312	8.60023e-05	3.80041e-07	1.25827e-09
19900	0.0770444	0.0769309	8.94094e-05	3.87995e-07	1.28989e-09
20000	0.0770444	0.0769307	9.3024e-05	3.94429e-07	1.33836e-09
20100	0.0770444	0.0769305	9.68302e-05	3.99364e-07	1.40574e-09
20200	0.0770444	0.0769304	0.00010081	4.02882e-07	1.49322e-09
20300	0.0770444	0.0769304	0.000104943	4.0512e-07	1.60105e-09
20400	0.0770444	0.0769304	0.000109208	4.06275e-07	1.72845e-09
20500	0.0770444	0.0769304	0.000113581	4.06593e-07	1.87357e-09
20600	0.0770444	0.0769304	0.000118039	4.06367e-07	2.0336e-09
20700	0.0770444	0.0769303	0.000122556	4.05932e-07	2.20482e-09
20800	0.0770444	0.0769303	0.000127107	4.05649e-07	2.38279e-09
20900	0.0770444	0.0769302	0.000131664	4.05902e-07	2.56262e-09
21000	0.0770444	0.07693	0.000136202	4.07081e-07	2.73914e-09
21100	0.0770444	0.0769297	0.000140694	4.09575e-07	2.90729e-09
21200	0.0770444	0.0769294	0.000145116	4.13757e-07	3.06236e-09
21300	0.0770444	0.0769289	0.000149442	4.19973e-07	3.20029e-09
21400	0.0770444	0.0769283	0.000153649	4.28529e-07	3.31798e-09
21500	0.0770444	0.0769276	0.000157716	4.39683e-07	3.41349e-09
21600	0.0770444	0.0769267	0.00016162	4.53634e-07	3.48626e-09
21700	0.0770444	0.0769256	0.000165344	4.70515e-07	3.53713e-09
21800	0.0770444	0.0769244	0.000168871	4.90386e-07	3.56846e-09
21900	0.0770444	0.076923	0.000172187	5.1323e-07	3.58404e-09
22000	0.0770444	0.0769215	0.000175279	5.38954e-07	3.58891e-09
22100	0.0770444	0.0769198	0.000178138	5.67387e-07	3.58921e-09
22200	0.0770444	0.0769179	0.000180757	5.98284e-07	3.59183e-09
22300	0.0770444	0.0769159	0.000183132	6.31331e-07	3.60408e-09
22400	0.0770444	0.0769137	0.00018526	6.66153e-07	3.63331e-09
22500	0.0770444	0.0769114	0.000187142	7.02325e-07	3.6865e-09
22600	0.0770444	0.0769089	0.000188781	7.39379e-07	3.76987e-09
22700	0.0770444	0.0769064	0.000190184	7.76823e-07	3.88848e-09
22800	0.0770444	0.0769037	0.000191357	8.14146e-07	4.04592e-09
22900	0.0770444	0.076901	0.000192312	8.50841e-07	4.24409e-09
23000	0.0770444	0.0768982	0.000193059	8.86413e-07	4.48298e-09
23100	0.0770444	0.0768953	0.000193612	9.20395e-07	4.76065e-09
23200	0.0770444	0.0768924	0.000193986	9.5236e-07	5.07324e-09
23300	0.0770444	0.0768895	0.000194198	9.81934e-07	5.41512e-09
23400	0.0770444	0.0768867	0.000194265	1.00881e-06	5.77915e-09
23500	0.0770444	0.0768839	0.000194204	1.03273e-06	6.15699e-09
23600	0.0770444	0.0768811	0.000194034	1.05355e-06	6.53951e-09
23700	0.0770444	0.0768784	0.000193774	1.07118e-06	6.91725e-09
23800	0.0770444	0.0768758	0.000193441	1.0856e-06	7.28088e-09
23900	0.0770444	0.0768733	0.000193052	1.0969e-06	7.62169e-09
24000	0.0770444	0.0768709	0.000192626	1.10522e-06	7.932e-09
24100	0.0770444	0.0768687	0.000192177	1.11077e-06	8.20556e-09
24200	0.0770444	0.0768666	0.000191721	1.11383e-06	8.43785e-09
24300	0.0770444	0.0768647	0.000191271	1.11471e-06	8.62629e-09
24400	0.0770444	0.076863	0.000190838	1.11376e-06	8.77027e-09
24500	0.0770444	0.0768614	0.000190432	1.11137e-06	8.87119e-09
24600	0.0770444	0.0768601	0.000190062	1.10791e-06	8.93227e-09
24700	0.0770444	0.0768588	0.000189733	1.10375e-06	8.95831e-09
24800	0.0770444	0.0768578	0.00018945	1.09924e-06	8.95532e-09
24900	0.0770444	0.0768569	0.000189214	1.09471e-06	8.9301e-09
25000	0.0770444	0.0768562	0.000189025	1.09043e-06	8.8898e-09
25100	0.0770444	0.0768557	0.000188882	1.08663e-06	8.84143e-09
25200	0.0770444	0.0768553	0.00018878	1.08345e-06	8.7914e-09
25300	0.0770444	0.076855	0.000188715	1.08101e-06	8.74509e-09
25400	0.0770444	0.0768548	0.00018868	1.07933e-06	8.70658e-09
25500	0.0770444	0.0768547	0.000188665	1.07837e-06	8.67835e-09
25600	0.0770444	0.0768546	0.000188662	1.07805e-06	8.66123e-09
25700	0.0770444	0.0768546	0.000188661	1.07821e-06	8.65439e-09
25800	0.0770444	0.0768547	0.000188651	1.07866e-06	8.65551e-09
25900	0.0770444	0.0768547	0.000188621	1.07918e-06	8.66102e-09
26000	0.0770444	0.0768548	0.000188559	1.07952e-06	8.66652e-09
26100	0.0770444	0.0768547	0.000188456	1.07943e-06	8.66721e-09
26200	0.0770444	0.0768547	0.000188301	1.07867e-06	8.65842e-09
26300	0.0770444	0.0768545	0.000188084	1.07703e-06	8.63608e-09
26400	0.0770444	0.0768543	0.000187799	1.07433e-06	8.59729e-09
26500	0.0770444	0.0768539	0.000187438	1.07044e-06	8.54068e-09
26600	0.0770444	0.0768534	0.000186996	1.06532e-06	8.46679e-09
26700	0.0770444	0.0768528	0.000186471	1.05898e-06	8.37828e-09
26800	0.0770444	0.076852	0.000185862	1.05151e-06	8.27996e-09
26900	0.0770444	0.0768511	0.000185169	1.0431e-06	8.1787e-09
27000	0.0770444	0.07685	0.000184397	1.034e-06	8.08318e-09
27100	0.0770444	0.0768487	0.000183553	1.02457e-06	8.00344e-09
27200	0.0770444	0.0768472	0.000182643	1.01522e-06	7.95038e-09
27300	0.0770444	0.0768456	0.000181681	1.00643e-06	7.93503e-09
27400	0.0770444	0.0768438	0.000180678	9.98744e-07	7.96788e-09
27500	0.0770444	0.0768418	0.000179652	9.92717e-07	8.05815e-09
27600	0.0770444	0.0768397	0.000178619	9.88933e-07	8.21303e-09
27700	0.0770444	0.0768374	0.000177601	9.87969e-07	8.4371e-09
27800	0.0770444	0.0768351	0.000176618	9.90378e-07	8.73184e-09
27900	0.0770444	0.0768326	0.000175694	9.96666e-07	9.09525e-09
28000	0.0770444	0.07683	0.000174853	1.00727e-06	9.52177e-09
28100	0.0770444	0.0768274	0.000174121	1.02256e-06	1.00023e-08
28200	0.0770444	0.0768247	0.000173524	1.04277e-06	1.05248e-08
28300	0.0770444	0.076822	0.000173088	1.06805e-06	1.10742e-08
28400	0.0770444	0.0768192	0.000172839	1.09841e-06	1.16339e-08
28500	0.0770444	0.0768165	0.000172803	1.13373e-06	1.21862e-08
28600	0.0770444	0.0768139	0.000173005	1.17376e-06	1.27134e-08
28700	0.0770444	0.0768113	0.000173467	1.2181e-06	1.3199e-08
28800	0.0770444	0.0768087	0.000174213	1.26623e-06	1.36285e-08
28900	0.0770444	0.0768063	0.000175261	1.31753e-06	1.39909e-08
29000	0.0770444	0.076804	0.00017663	1.37127e-06	1.42788e-08
29100	0.0770444	0.0768018	0.000178334	1.42663e-06	1.44898e-08
29200	0.0770444	0.0767998	0.000180386	1.48275e-06	1.46266e-08
29300	0.0770444	0.0767979	0.000182795	1.53871e-06	1.46968e-08
29400	0.0770444	0.0767962	0.000185567	1.59362e-06	1.47134e-08
29500	0.0770444	0.0767947	0.000188705	1.6466e-06	1.46936e-08
29600	0.0770444	0.0767933	0.000192207	1.6968e-06	1.46588e-08
29700	0.0770444	0.0767922	0.000196069	1.74349e-06	1.46326e-08
29800	0.0770444	0.0767911	0.000200282	1.78601e-06	1.46404e-08
29900	0.0770444	0.0767903	0.000204836	1.82385e-06	1.47076e-08
30000	0.0770444	0.0767896	0.000209714	1.85664e-06	1.48582e-08
30100	0.0770444	0.0767891	0.000214897	1.88418e-06	1.51132e-08
30200	0.0770444	0.0767887	0.000220365	1.90646e-06	1.54896e-08
30300	0.0770444	0.0767884	0.000226092	1.92361e-06	1.59991e-08
30400	0.0770444	0.0767882	0.00023205	1.93599e-06	1.66468e-08
30500	0.0770444	0.0767881	0.00023821	1.94411e-06	1.74314e-08
30600	0.0770444	0.0767881	0.000244539	1.94866e-06	1.83444e-08
30700	0.0770444	0.0767881	0.000251002	1.95047e-06	1.93705e-08
30800	0.0770444	0.0767881	0.000257565	1.95049e-06	2.04881e-08
30900	0.0770444	0.0767881	0.000264191	1.94979e-06	2.16706e-08
31000	0.0770444	0.076788	0.000270843	1.9495e-06	2.28871e-08
31100	0.0770444	0.0767879	0.000277482	1.95079e-06	2.41046e-08
31200	0.0770444	0.0767877	0.000284073	1.95485e-06	2.52894e-08
31300	0.0770444	0.0767873	0.000290577	1.9628e-06	2.64093e-08
31400	0.0770444	0.0767869	0.00029696	1.97574e-06	2.74349e-08
31500	0.0770444	0.0767863	0.000303186	1.99465e-06	2.83419e-08
31600	0.0770444	0.0767855	0.000309224	2.02037e-06	2.91125e-08
31700	0.0770444	0.0767845	0.000315043	2.05358e-06	2.97364e-08
31800	0.0770444	0.0767833	0.000320614	2.09481e-06	3.02119e-08
31900	0.0770444	0.0767819	0.000325913	2.14433e-06	3.05461e-08
32000	0.0770444	0.0767803	0.000330917	2.20226e-06	3.07549e-08
32100	0.0770444	0.0767784	0.000335606	2.26845e-06	3.08624e-08
32200	0.0770444	0.0767763	0.000339965	2.34254e-06	3.08998e-08
32300	0.0770444	0.076774	0.000343982	2.42397e-06	3.09037e-08
32400	0.0770444	0.0767715	0.000347649	2.51196e-06	3.09146e-08
32500	0.0770444	0.0767687	0.000350959	2.60555e-06	3.09748e-08
32600	0.0770444	0.0767657	0.000353911	2.70363e-06	3.11256e-08
32700	0.0770444	0.0767625	0.000356508	2.80496e-06	3.14058e-08
32800	0.0770444	0.0767592	0.000358755	2.90819e-06	3.18488e-08
32900	0.0770444	0.0767557	0.000360662	3.01193e-06	3.24812e-08
33000	0.0770444	0.076752	0.000362239	3.11475e-06	3.33208e-08
33100	0.0770444	0.0767482	0.000363504	3.21525e-06	3.43757e-08
33200	0.0770444	0.0767443	0.000364471	3.3121e-06	3.56434e-08
33300	0.0770444	0.0767404	0.000365163	3.40403e-06	3.71109e-08
33400	0.0770444	0.0767364	0.000365601	3.48994e-06	3.87553e-08
33500	0.0770444	0.0767325	0.000365808	3.56885e-06	4.05443e-08
33600	0.0770444	0.0767285	0.00036581	3.63999e-06	4.24383e-08
33700	0.0770444	0.0767246	0.000365632	3.70278e-06	4.4392e-08
33800	0.0770444	0.0767208	0.000365301	3.75684e-06	4.63568e-08
33900	0.0770444	0.076717	0.000364842	3.80205e-06	4.82833e-08
34000	0.0770444	0.0767134	0.000364283	3.83847e-06	5.01236e-08
34100	0.0770444	0.07671	0.000363647	3.86638e-06	5.1834e-08
34200	0.0770444	0.0767067	0.000362961	3.88626e-06	5.33769e-08
34300	0.0770444	0.0767036	0.000362245	3.89875e-06	5.47228e-08
34400	0.0770444	0.0767008	0.000361523	3.90466e-06	5.58515e-08
34500	0.0770444	0.0766981	0.000360812	3.90489e-06	5.6753e-08
34600	0.0770444	0.0766957	0.000360129	3.90043e-06	5.74277e-08
34700	0.0770444	0.0766935	0.000359488	3.8923e-06	5.78858e-08
34800	0.0770444	0.0766916	0.000358902	3.88154e-06	5.81465e-08
34900	0.0770444	0.0766899	0.000358379	3.86916e-06	5.82364e-08
35000	0.0770444	0.0766885	0.000357925	3.85608e-06	5.81876e-08
35100	0.0770444	0.0766873	0.000357543	3.84313e-06	5.80354e-08
35200	0.0770444	0.0766863	0.000357233	3.83103e-06	5.78159e-08
35300	0.0770444	0.0766855	0.000356993	3.82033e-06	5.7564e-08
35400	0.0770444	0.0766849	0.000356818	3.81142e-06	5.73103e-08
35500	0.0770444	0.0766845	0.0003567	3.80451e-06	5.70804e-08
35600	0.0770444	0.0766842	0.00035663	3.79965e-06	5.68925e-08
35700	0.0770444	0.076684	0.000356596	3.7967e-06	5.67567e-08
35800	0.0770444	0.0766839	0.000356586	3.7954e-06	5.66751e-08
35900	0.0770444	0.0766839	0.000356586	3.79532e-06	5.66416e-08
36000	0.0770444	0.076684	0.000356579	3.79594e-06	5.66433e-08
36100	0.0770444	0.076684	0.000356552	3.79667e-06	5.66617e-08
36200	0.0770444	0.076684	0.000356488	3.79686e-06	5.6675e-08
36300	0.0770444	0.076684	0.000356373	3.79588e-06	5.66599e-08
36400	0.0770444	0.0766838	0.000356193	3.79313e-06	5.65946e-08
36500	0.0770444	0.0766836	0.000355934	3.78807e-06	5.64611e-08
36600	0.0770444	0.0766832	0.000355586	3.78029e-06	5.62472e-08
36700	0.0770444	0.0766827	0.00035514	3.76953e-06	5.5949e-08
36800	0.0770444	0.076682	0.000354588	3.75567e-06	5.55715e-08
36900	0.0770444	0.076681	0.000353927	3.73883e-06	5.51299e-08
37000	0.0770444	0.0766799	0.000353155	3.71929e-06	5.46497e-08
37100	0.0770444	0.0766785	0.000352273	3.69757e-06	5.41653e-08
37200	0.0770444	0.0766769	0.000351288	3.67439e-06	5.37193e-08
37300	0.0770444	0.0766751	0.000350206	3.65066e-06	5.33597e-08
37400	0.0770444	0.076673	0.00034904	3.62749e-06	5.31375e-08
37500	0.0770444	0.0766707	0.000347804	3.6061e-06	5.31035e-08
37600	0.0770444	0.0766682	0.000346517	3.58784e-06	5.33049e-08
37700	0.0770444	0.0766654	0.0003452	3.57414e-06	5.37821e-08
37800	0.0770444	0.0766624	0.000343877	3.56643e-06	5.45652e-08
37900	0.0770444	0.0766593	0.000342574	3.56612e-06	5.56721e-08
38000	0.0770444	0.0766559	0.000341321	3.57454e-06	5.71056e-08
38100	0.0770444	0.0766524	0.000340149	3.59289e-06	5.88528e-08
38200	0.0770444	0.0766488	0.00033909	3.62219e-06	6.08848e-08
38300	0.0770444	0.0766451	0.000338178	3.66325e-06	6.31571e-08
38400	0.0770444	0.0766413	0.000337447	3.71659e-06	6.56118e-08
38500	0.0770444	0.0766375	0.000336932	3.78248e-06	6.81798e-08
38600	0.0770444	0.0766337	0.000336666	3.86084e-06	7.07846e-08
38700	0.0770444	0.0766299	0.000336684	3.95128e-06	7.33463e-08
38800	0.0770444	0.0766262	0.000337018	4.05309e-06	7.57862e-08
38900	0.0770444	0.0766225	0.000337697	4.16523e-06	7.80313e-08
39000	0.0770444	0.076619	0.00033875	4.28638e-06	8.00189e-08
39100	0.0770444	0.0766156	0.000340202	4.41494e-06	8.17009e-08
39200	0.0770444	0.0766123	0.000342076	4.54909e-06	8.30469e-08
39300	0.0770444	0.0766092	0.00034439	4.68684e-06	8.40471e-08
39400	0.0770444	0.0766064	0.000347161	4.82607e-06	8.47134e-08
39500	0.0770444	0.0766037	0.000350397	4.96461e-06	8.50799e-08
39600	0.0770444	0.0766013	0.000354108	5.10029e-06	8.52017e-08
39700	0.0770444	0.0765991	0.000358294	5.23101e-06	8.51524e-08
39800	0.0770444	0.0765971	0.000362953	5.35481e-06	8.50211e-08
39900	0.0770444	0.0765954	0.00036808	5.46994e-06	8.49074e-08
40000	0.0770444	0.076594	0.000373661	5.57489e-06	8.49162e-08
40100	0.0770444	0.0765927	0.00037968	5.66848e-06	8.51524e-08
40200	0.0770444	0.0765917	0.000386118	5.74988e-06	8.57143e-08
40300	0.0770444	0.0765909	0.00039295	5.81863e-06	8.66883e-08
40400	0.0770444	0.0765903	0.000400145	5.87469e-06	8.81433e-08
40500	0.0770444	0.0765898	0.000407672	5.91845e-06	9.01267e-08
40600	0.0770444	0.0765895	0.000415495	5.95068e-06	9.26603e-08
40700	0.0770444	0.0765894	0.000423573	5.97257e-06	9.57391e-08
40800	0.0770444	0.0765893	0.000431866	5.9857e-06	9.93299e-08
40900	0.0770444	0.0765892	0.000440329	5.99193e-06	1.03373e-07
41000	0.0770444	0.0765892	0.000448915	5.99343e-06	1.07784e-07
41100	0.0770444	0.0765892	0.000457579	5.99261e-06	1.12459e-07
41200	0.0770444	0.0765892	0.000466271	5.99198e-06	1.17277e-07
41300	0.0770444	0.0765891	0.000474944	5.99418e-06	1.22111e-07
41400	0.0770444	0.0765888	0.00048355	6.00181e-06	1.26828e-07
41500	0.0770444	0.0765885	0.000492042	6.01744e-06	1.31302e-07
41600	0.0770444	0.076588	0.000500373	6.04344e-06	1.3542e-07
41700	0.0770444	0.0765873	0.0005085	6.082e-06	1.39085e-07
41800	0.0770444	0.0765864	0.00051638	6.13498e-06	1.42226e-07
41900	0.0770444	0.0765852	0.000523976	6.20392e-06	1.44799e-07
42000	0.0770444	0.0765838	0.000531249	6.28994e-06	1.46794e-07
42100	0.0770444	0.0765821	0.000538169	6.39371e-06	1.48233e-07
42200	0.0770444	0.0765801	0.000544705	6.51546e-06	1.4917e-07
42300	0.0770444	0.0765779	0.000550833	6.65493e-06	1.49689e-07
42400	0.0770444	0.0765753	0.000556533	6.81136e-06	1.49902e-07
42500	0.0770444	0.0765724	0.000561788	6.98355e-06	1.4994e-07
42600	0.0770444	0.0765693	0.000566586	7.16986e-06	1.49951e-07
42700	0.0770444	0.0765658	0.000570922	7.36824e-06	1.50087e-07
42800	0.0770444	0.0765621	0.000574791	7.57633e-06	1.50499e-07
42900	0.0770444	0.0765582	0.000578198	7.79147e-06	1.51329e-07
43000	0.0770444	0.0765539	0.000581147	8.0108e-06	1.527e-07
43100	0.0770444	0.0765495	0.000583651	8.23134e-06	1.54712e-07
43200	0.0770444	0.0765449	0.000585724	8.45006e-06	1.57433e-07
43300	0.0770444	0.0765401	0.000587385	8.66397e-06	1.60897e-07
43400	0.0770444	0.0765352	0.000588657	8.8702e-06	1.65102e-07
43500	0.0770444	0.0765302	0.000589564	9.06609e-06	1.70008e-07
43600	0.0770444	0.0765252	0.000590136	9.24923e-06	1.75539e-07
43700	0.0770444	0.0765201	0.000590401	9.41757e-06	1.81587e-07
43800	0.0770444	0.076515	0.000590392	9.56942e-06	1.88017e-07
43900	0.0770444	0.07651	0.000590143	9.70354e-06	1.94674e-07
44000	0.0770444	0.0765051	0.000589688	9.81914e-06	2.01391e-07
44100	0.0770444	0.0765003	0.000589061	9.91588e-06	2.07997e-07
44200	0.0770444	0.0764957	0.000588295	9.99389e-06	2.14326e-07
44300	0.0770444	0.0764912	0.000587425	1.00538e-05	2.20225e-07
44400	0.0770444	0.076487	0.000586483	1.00965e-05	2.25564e-07
44500	0.0770444	0.076483	0.000585498	1.01234e-05	2.30237e-07
44600	0.0770444	0.0764793	0.000584499	1.01362e-05	2.34173e-07
44700	0.0770444	0.0764758	0.000583512	1.01368e-05	2.37333e-07
44800	0.0770444	0.0764727	0.00058256	1.01273e-05	2.39717e-07
44900	0.0770444	0.0764698	0.000581661	1.01098e-05	2.41357e-07
45000	0.0770444	0.0764673	0.000580833	1.00866e-05	2.42315e-07
45100	0.0770444	0.0764651	0.000580088	1.00598e-05	2.42681e-07
45200	0.0770444	0.0764631	0.000579434	1.00314e-05	2.42562e-07
45300	0.0770444	0.0764615	0.000578877	1.00031e-05	2.42079e-07
45400	0.0770444	0.0764602	0.000578418	9.97645e-06	2.41354e-07
45500	0.0770444	0.0764591	0.000578055	9.95272e-06	2.40507e-07
45600	0.0770444	0.0764583	0.000577783	9.93271e-06	2.39643e-07
45700	0.0770444	0.0764577	0.000577592	9.91693e-06	2.3885e-07
45800	0.0770444	0.0764573	0.000577471	9.90549e-06	2.38192e-07
45900	0.0770444	0.076457	0.000577406	9.89818e-06	2.37707e-07
46000	0.0770444	0.0764569	0.000577381	9.89442e-06	2.37404e-07
46100	0.0770444	0.0764569	0.000577376	9.89339e-06	2.37264e-07
46200	0.0770444	0.0764569	0.000577374	9.894e-06	2.37246e-07
46300	0.0770444	0.0764569	0.000577353	9.89504e-06	2.37291e-07
46400	0.0770444	0.0764569	0.000577295	9.89518e-06	2.37325e-07
46500	0.0770444	0.0764568	0.00057718	9.89309e-06	2.37272e-07
46600	0.0770444	0.0764567	0.000576988	9.88752e-06	2.37058e-07
46700	0.0770444	0.0764564	0.000576704	9.87736e-06	2.36622e-07
46800	0.0770444	0.0764559	0.000576311	9.86175e-06	2.35923e-07
46900	0.0770444	0.0764552	0.000575798	9.8401e-06	2.34944e-07
47000	0.0770444	0.0764543	0.000575155	9.81218e-06	2.337e-07
47100	0.0770444	0.0764532	0.000574375	9.77816e-06	2.32238e-07
47200	0.0770444	0.0764518	0.000573457	9.73863e-06	2.3064e-07
47300	0.0770444	0.0764501	0.000572401	9.6946e-06	2.29015e-07
47400	0.0770444	0.076448	0.000571213	9.64752e-06	2.27502e-07
47500	0.0770444	0.0764457	0.000569902	9.59924e-06	2.26255e-07
47600	0.0770444	0.0764431	0.000568483	9.55194e-06	2.25441e-07
47700	0.0770444	0.0764402	0.000566973	9.50813e-06	2.25224e-07
47800	0.0770444	0.0764369	0.000565396	9.47051e-06	2.2576e-07
47900	0.0770444	0.0764334	0.000563777	9.44193e-06	2.27179e-07
48000	0.0770444	0.0764296	0.000562146	9.42528e-06	2.29583e-07
48100	0.0770444	0.0764256	0.000560536	9.42339e-06	2.33031e-07
48200	0.0770444	0.0764213	0.000558984	9.43892e-06	2.37537e-07
48300	0.0770444	0.0764168	0.000557527	9.47427e-06	2.43063e-07
48400	0.0770444	0.0764122	0.000556206	9.53148e-06	2.49519e-07
48500	0.0770444	0.0764075	0.000555064	9.61213e-06	2.56769e-07
48600	0.0770444	0.0764026	0.000554142	9.71729e-06	2.64628e-07
48700	0.0770444	0.0763978	0.000553483	9.84745e-06	2.72882e-07
48800	0.0770444	0.0763928	0.00055313	1.00025e-05	2.81287e-07
48900	0.0770444	0.076388	0.000553123	1.01816e-05	2.8959e-07
49000	0.0770444	0.0763831	0.000553503	1.03834e-05	2.97542e-07
49100	0.0770444	0.0763784	0.000554307	1.06058e-05	3.04907e-07
49200	0.0770444	0.0763738	0.000555569	1.08462e-05	3.11483e-07
49300	0.0770444	0.0763694	0.000557321	1.11015e-05	3.17112e-07
49400	0.0770444	0.0763651	0.000559589	1.1368e-05	3.21688e-07
49500	0.0770444	0.0763611	0.000562397	1.1642e-05	3.25169e-07
49600	0.0770444	0.0763574	0.000565763	1.19192e-05	3.2758e-07
49700	0.0770444	0.0763539	0.000569701	1.21954e-05	3.29013e-07
49800	0.0770444	0.0763507	0.000574217	1.24663e-05	3.29625e-07
49900	0.0770444	0.0763478	0.000579316	1.27278e-05	3.29628e-07
50000	0.0770444	0.0763452	0.000584994	1.29762e-05	3.29286e-07
50100	0.0770444	0.0763429	0.000591243	1.32079e-05	3.28893e-07
50200	0.0770444	0.0763409	0.000598048	1.34199e-05	3.28764e-07
50300	0.0770444	0.0763393	0.000605389	1.361e-05	3.29213e-07
50400	0.0770444	0.0763379	0.000613242	1.37764e-05	3.3054e-07
50500	0.0770444	0.0763367	0.000621577	1.39181e-05	3.3301e-07
50600	0.0770444	0.0763359	0.000630357	1.40351e-05	3.3684e-07
50700	0.0770444	0.0763352	0.000639544	1.41277e-05	3.42184e-07
50800	0.0770444	0.0763348	0.000649095	1.41975e-05	3.49126e-07
50900	0.0770444	0.0763345	0.000658961	1.42465e-05	3.57667e-07
51000	0.0770444	0.0763343	0.000669092	1.42776e-05	3.6773e-07
51100	0.0770444	0.0763342	0.000679435	1.42942e-05	3.79158e-07
51200	0.0770444	0.0763342	0.000689935	1.43003e-05	3.91724e-07
51300	0.0770444	0.0763342	0.000700535	1.43003e-05	4.05136e-07
51400	0.0770444	0.0763342	0.000711177	1.42989e-05	4.1906e-07
51500	0.0770444	0.0763341	0.000721803	1.43009e-05	4.33128e-07
51600	0.0770444	0.0763339	0.000732355	1.43113e-05	4.46963e-07
51700	0.0770444	0.0763336	0.000742777	1.43347e-05	4.60198e-07
51800	0.0770444	0.076333	0.000753012	1.43758e-05	4.72495e-07
51900	0.0770444	0.0763323	0.000763008	1.44385e-05	4.83564e-07
52000	0.0770444	0.0763313	0.000772713	1.45266e-05	4.93181e-07
52100	0.0770444	0.07633	0.000782079	1.4643e-05	5.01199e-07
52200	0.0770444	0.0763284	0.000791062	1.47899e-05	5.07557e-07
52300	0.0770444	0.0763265	0.000799622	1.49688e-05	5.12288e-07
52400	0.0770444	0.0763243	0.000807722	1.51803e-05	5.15515e-07
52500	0.0770444	0.0763217	0.000815332	1.54241e-05	5.17449e-07
52600	0.0770444	0.0763187	0.000822425	1.56991e-05	5.18377e-07
52700	0.0770444	0.0763154	0.000828979	1.60034e-05	5.18647e-07
52800	0.0770444	0.0763117	0.000834981	1.6334e-05	5.18653e-07
52900	0.0770444	0.0763077	0.000840418	1.66876e-05	5.18813e-07
53000	0.0770444	0.0763033	0.000845288	1.70599e-05	5.19547e-07
53100	0.0770444	0.0762986	0.000849589	1.74463e-05	5.21253e-07
53200	0.0770444	0.0762936	0.00085333	1.78415e-05	5.24289e-07
53300	0.0770444	0.0762883	0.000856521	1.82404e-05	5.28949e-07
53400	0.0770444	0.0762828	0.000859179	1.86374e-05	5.35451e-07
53500	0.0770444	0.0762771	0.000861325	1.9027e-05	5.43921e-07
53600	0.0770444	0.0762712	0.000862985	1.94041e-05	5.54384e-07
53700	0.0770444	0.0762652	0.000864188	1.97636e-05	5.66768e-07
53800	0.0770444	0.0762591	0.000864967	2.01011e-05	5.80898e-07
53900	0.0770444	0.0762529	0.000865358	2.04126e-05	5.96513e-07
54000	0.0770444	0.0762468	0.000865399	2.0695e-05	6.13272e-07
54100	0.0770444	0.0762407	0.000865132	2.09458e-05	6.30775e-07
54200	0.0770444	0.0762346	0.000864596	2.11633e-05	6.48584e-07
54300	0.0770444	0.0762288	0.000863835	2.13466e-05	6.66241e-07
54400	0.0770444	0.0762231	0.00086289	2.14959e-05	6.83297e-07
54500	0.0770444	0.0762176	0.000861803	2.16119e-05	6.99332e-07
54600	0.0770444	0.0762123	0.000860614	2.16963e-05	7.13976e-07
54700	0.0770444	0.0762073	0.00085936	2.17514e-05	7.26928e-07
54800	0.0770444	0.0762027	0.000858079	2.17799e-05	7.3797e-07
54900	0.0770444	0.0761984	0.000856804	2.17854e-05	7.46973e-07
55000	0.0770444	0.0761944	0.000855563	2.17716e-05	7.53906e-07
55100	0.0770444	0.0761908	0.000854383	2.17423e-05	7.58828e-07
55200	0.0770444	0.0761876	0.000853285	2.17015e-05	7.61885e-07
55300	0.0770444	0.0761847	0.000852287	2.16532e-05	7.63296e-07
55400	0.0770444	0.0761823	0.000851403	2.16011e-05	7.63335e-07
55500	0.0770444	0.0761802	0.000850639	2.15485e-05	7.62314e-07
55600	0.0770444	0.0761784	0.00085	2.14983e-05	7.60559e-07
55700	0.0770444	0.076177	0.000849485	2.14529e-05	7.58392e-07
55800	0.0770444	0.0761759	0.000849088	2.14139e-05	7.56105e-07
55900	0.0770444	0.0761751	0.000848801	2.13825e-05	7.53945e-07
56000	0.0770444	0.0761745	0.000848609	2.1359e-05	7.52101e-07
56100	0.0770444	0.0761741	0.000848496	2.13432e-05	7.5069e-07
56200	0.0770444	0.0761739	0.000848442	2.13342e-05	7.49757e-07
56300	0.0770444	0.0761738	0.000848427	2.13306e-05	7.49273e-07
56400	0.0770444	0.0761738	0.000848425	2.13307e-05	7.49144e-07
56500	0.0770444	0.0761739	0.000848414	2.13321e-05	7.4922e-07
56600	0.0770444	0.0761739	0.000848367	2.13325e-05	7.49318e-07
56700	0.0770444	0.0761738	0.00084826	2.13297e-05	7.49235e-07
56800	0.0770444	0.0761736	0.00084807	2.13211e-05	7.48773e-07
56900	0.0770444	0.0761733	0.000847775	2.13048e-05	7.47761e-07
57000	0.0770444	0.0761728	0.000847355	2.12791e-05	7.46074e-07
57100	0.0770444	0.076172	0.000846793	2.12428e-05	7.43651e-07
57200	0.0770444	0.076171	0.000846077	2.11954e-05	7.4051e-07
57300	0.0770444	0.0761697	0.000845197	2.1137e-05	7.36753e-07
57400	0.0770444	0.076168	0.000844149	2.10684e-05	7.32569e-07
57500	0.0770444	0.076166	0.000842933	2.09913e-05	7.2823e-07
57600	0.0770444	0.0761636	0.000841555	2.09082e-05	7.24079e-07
57700	0.0770444	0.0761609	0.000840024	2.08222e-05	7.2051e-07
57800	0.0770444	0.0761578	0.000838357	2.0737e-05	7.1795e-07
57900	0.0770444	0.0761543	0.000836575	2.06569e-05	7.16829e-07
58000	0.0770444	0.0761504	0.000834703	2.05868e-05	7.17557e-07
58100	0.0770444	0.0761462	0.000832773	2.05316e-05	7.2049e-07
58200	0.0770444	0.0761416	0.000830819	2.04964e-05	7.25908e-07
58300	0.0770444	0.0761368	0.000828881	2.04861e-05	7.3399e-07
58400	0.0770444	0.0761316	0.000827001	2.05055e-05	7.44799e-07
58500	0.0770444	0.0761262	0.000825227	2.0559e-05	7.58268e-07
58600	0.0770444	0.0761206	0.000823605	2.065e-05	7.74198e-07
58700	0.0770444	0.0761149	0.000822185	2.07816e-05	7.92262e-07
58800	0.0770444	0.076109	0.000821019	2.09557e-05	8.1202e-07
58900	0.0770444	0.076103	0.000820157	2.11733e-05	8.32936e-07
59000	0.0770444	0.076097	0.000819649	2.14343e-05	8.54405e-07
59100	0.0770444	0.0760911	0.000819546	2.17375e-05	8.75786e-07
59200	0.0770444	0.0760851	0.000819893	2.20806e-05	8.9644e-07
59300	0.0770444	0.0760793	0.000820735	2.24602e-05	9.15759e-07
59400	0.0770444	0.0760737	0.000822113	2.28718e-05	9.33206e-07
59500	0.0770444	0.0760682	0.000824064	2.33102e-05	9.4835e-07
59600	0.0770444	0.076063	0.000826621	2.37692e-05	9.60888e-07
59700	0.0770444	0.076058	0.00082981	2.42423e-05	9.70669e-07
59800	0.0770444	0.0760534	0.000833653	2.47223e-05	9.77705e-07
59900	0.0770444	0.076049	0.000838167	2.52019e-05	9.82177e-07
60000	0.0770444	0.076045	0.00084336	2.56739e-05	9.84425e-07
60100	0.0770444	0.0760413	0.000849236	2.61312e-05	9.84937e-07
60200	0.0770444	0.0760381	0.000855793	2.6567e-05	9.84323e-07
60300	0.0770444	0.0760352	0.000863019	2.69755e-05	9.83285e-07
60400	0.0770444	0.0760326	0.000870899	2.73513e-05	9.82579e-07
60500	0.0770444	0.0760304	0.000879411	2.76903e-05	9.82974e-07
60600	0.0770444	0.0760286	0.000888525	2.79893e-05	9.85212e-07
60700	0.0770444	0.0760271	0.000898207	2.82464e-05	9.89964e-07
60800	0.0770444	0.076026	0.000908417	2.84609e-05	9.97793e-07
60900	0.0770444	0.0760251	0.000919109	2.86337e-05	1.00912e-06
61000	0.0770444	0.0760244	0.000930234	2.87665e-05	1.0242e-06
61100	0.0770444	0.076024	0.000941737	2.88628e-05	1.04311e-06
61200	0.0770444	0.0760237	0.000953559	2.89268e-05	1.06571e-06
61300	0.0770444	0.0760236	0.000965641	2.8964e-05	1.09171e-06
61400	0.0770444	0.0760235	0.000977919	2.89809e-05	1.12061e-06
61500	0.0770444	0.0760235	0.000990327	2.89845e-05	1.15177e-06
61600	0.0770444	0.0760235	0.0010028	2.89825e-05	1.18443e-06
61700	0.0770444	0.0760235	0.00101527	2.89828e-05	1.21776e-06
61800	0.0770444	0.0760233	0.00102767	2.89936e-05	1.25086e-06
61900	0.0770444	0.076023	0.00103993	2.90226e-05	1.28286e-06
62000	0.0770444	0.0760225	0.001052	2.90776e-05	1.31295e-06
62100	0.0770444	0.0760217	0.0010638	2.91654e-05	1.34038e-06
62200	0.0770444	0.0760207	0.00107528	2.92923e-05	1.36459e-06
62300	0.0770444	0.0760193	0.00108638	2.94635e-05	1.38516e-06
62400	0.0770444	0.0760176	0.00109705	2.96831e-05	1.40185e-06
62500	0.0770444	0.0760156	0.00110724	2.99538e-05	1.41468e-06
62600	0.0770444	0.0760131	0.00111691	3.02773e-05	1.42382e-06
62700	0.0770444	0.0760103	0.00112602	3.06535e-05	1.4297e-06
62800	0.0770444	0.076007	0.00113453	3.10811e-05	1.43289e-06
62900	0.0770444	0.0760033	0.00114243	3.15575e-05	1.43415e-06
63000	0.0770444	0.0759992	0.00114968	3.20785e-05	1.43434e-06
63100	0.0770444	0.0759946	0.00115628	3.26388e-05	1.4344e-06
63200	0.0770444	0.0759897	0.00116222	3.32322e-05	1.43528e-06
63300	0.0770444	0.0759843	0.00116749	3.38511e-05	1.43793e-06
63400	0.0770444	0.0759786	0.0011721	3.44878e-05	1.4432e-06
63500	0.0770444	0.0759726	0.00117606	3.51335e-05	1.45184e-06
63600	0.0770444	0.0759662	0.00117939	3.57794e-05	1.4644e-06
63700	0.0770444	0.0759596	0.00118211	3.64167e-05	1.48128e-06
63800	0.0770444	0.0759528	0.00118424	3.70367e-05	1.50263e-06
63900	0.0770444	0.0759458	0.00118582	3.76312e-05	1.52838e-06
64000	0.0770444	0.0759387	0.00118689	3.81926e-05	1.55824e-06
64100	0.0770444	0.0759315	0.00118747	3.87141e-05	1.5917e-06
64200	0.0770444	0.0759242	0.00118763	3.91901e-05	1.62808e-06
64300	0.0770444	0.075917	0.0011874	3.96161e-05	1.66652e-06
64400	0.0770444	0.0759099	0.00118684	3.99888e-05	1.70608e-06
64500	0.0770444	0.0759029	0.00118599	4.03065e-05	1.74573e-06
64600	0.0770444	0.0758961	0.00118489	4.05684e-05	1.78447e-06
64700	0.0770444	0.0758896	0.00118361	4.07756e-05	1.8213e-06
64800	0.0770444	0.0758833	0.00118219	4.09302e-05	1.85536e-06
64900	0.0770444	0.0758773	0.00118068	4.10355e-05	1.8859e-06
65000	0.0770444	0.0758716	0.00117911	4.10958e-05	1.91234e-06
65100	0.0770444	0.0758664	0.00117754	4.11163e-05	1.93432e-06
65200	0.0770444	0.0758615	0.00117599	4.1103e-05	1.95167e-06
65300	0.0770444	0.0758571	0.0011745	4.10621e-05	1.96445e-06
65400	0.0770444	0.0758531	0.00117311	4.10002e-05	1.97291e-06
65500	0.0770444	0.0758496	0.00117183	4.09238e-05	1.97748e-06
65600	0.0770444	0.0758465	0.00117068	4.0839e-05	1.97873e-06
65700	0.0770444	0.0758438	0.00116968	4.07515e-05	1.97732e-06
65800	0.0770444	0.0758416	0.00116882	4.06665e-05	1.97399e-06
65900	0.0770444	0.0758398	0.00116812	4.05881e-05	1.96946e-06
66000	0.0770444	0.0758383	0.00116757	4.05194e-05	1.96441e-06
66100	0.0770444	0.0758372	0.00116716	4.04627e-05	1.95946e-06
66200	0.0770444	0.0758364	0.00116687	4.04189e-05	1.95507e-06
66300	0.0770444	0.0758359	0.00116669	4.03881e-05	1.95156e-06
66400	0.0770444	0.0758356	0.00116659	4.03691e-05	1.9491e-06
66500	0.0770444	0.0758354	0.00116655	4.036e-05	1.94768e-06
66600	0.0770444	0.0758354	0.00116654	4.03579e-05	1.94714e-06
66700	0.0770444	0.0758354	0.00116654	4.03594e-05	1.94719e-06
66800	0.0770444	0.0758354	0.00116651	4.03607e-05	1.94743e-06
66900	0.0770444	0.0758354	0.00116642	4.03579e-05	1.94741e-06
67000	0.0770444	0.0758352	0.00116624	4.03471e-05	1.94668e-06
67100	0.0770444	0.0758349	0.00116595	4.03247e-05	1.94484e-06
67200	0.0770444	0.0758344	0.00116552	4.02878e-05	1.94154e-06
67300	0.0770444	0.0758336	0.00116492	4.02341e-05	1.93662e-06
67400	0.0770444	0.0758325	0.00116415	4.01623e-05	1.93003e-06
67500	0.0770444	0.075831	0.00116319	4.00724e-05	1.92195e-06
67600	0.0770444	0.0758292	0.00116203	3.99654e-05	1.91272e-06
67700	0.0770444	0.0758269	0.00116067	3.98436e-05	1.9029e-06
67800	0.0770444	0.0758242	0.00115912	3.97106e-05	1.8932e-06
67900	0.0770444	0.0758211	0.00115738	3.9571e-05	1.88446e-06
68000	0.0770444	0.0758176	0.00115547	3.94309e-05	1.87762e-06
68100	0.0770444	0.0758136	0.00115341	3.92969e-05	1.87363e-06
68200	0.0770444	0.0758091	0.00115125	3.91765e-05	1.87343e-06
68300	0.0770444	0.0758042	0.001149	3.90777e-05	1.87785e-06
68400	0.0770444	0.075799	0.00114671	3.90086e-05	1.88756e-06
68500	0.0770444	0.0757933	0.00114442	3.89773e-05	1.90304e-06
68600	0.0770444	0.0757874	0.00114219	3.89915e-05	1.9245e-06
68700	0.0770444	0.0757811	0.00114007	3.90582e-05	1.95189e-06
68800	0.0770444	0.0757745	0.00113811	3.91835e-05	1.98486e-06
68900	0.0770444	0.0757678	0.00113637	3.93723e-05	2.02278e-06
69000	0.0770444	0.0757609	0.00113491	3.96281e-05	2.06474e-06
69100	0.0770444	0.0757539	0.00113379	3.99527e-05	2.10965e-06
69200	0.0770444	0.0757468	0.00113306	4.03463e-05	2.15621e-06
69300	0.0770444	0.0757398	0.00113279	4.08074e-05	2.20305e-06
69400	0.0770444	0.0757328	0.00113303	4.13326e-05	2.24876e-06
69500	0.0770444	0.0757259	0.00113383	4.19169e-05	2.29199e-06
69600	0.0770444	0.0757192	0.00113524	4.25536e-05	2.33153e-06
69700	0.0770444	0.0757127	0.0011373	4.32346e-05	2.36635e-06
69800	0.0770444	0.0757064	0.00114004	4.39505e-05	2.3957e-06
69900	0.0770444	0.0757005	0.0011435	4.46911e-05	2.41915e-06
70000	0.0770444	0.0756948	0.00114771	4.54453e-05	2.43661e-06
70100	0.0770444	0.0756896	0.00115268	4.62017e-05	2.44833e-06
70200	0.0770444	0.0756847	0.00115842	4.69489e-05	2.45493e-06
70300	0.0770444	0.0756803	0.00116494	4.76757e-05	2.45734e-06
70400	0.0770444	0.0756763	0.00117224	4.83716e-05	2.45676e-06
70500	0.0770444	0.0756727	0.0011803	4.9027e-05	2.45463e-06
70600	0.0770444	0.0756696	0.00118911	4.96335e-05	2.45248e-06
70700	0.0770444	0.0756669	0.00119863	5.0184e-05	2.45195e-06
70800	0.0770444	0.0756646	0.00120885	5.06734e-05	2.45462e-06
70900	0.0770444	0.0756627	0.00121972	5.10982e-05	2.46195e-06
71000	0.0770444	0.0756612	0.00123119	5.14568e-05	2.47519e-06
71100	0.0770444	0.07566	0.00124323	5.17497e-05	2.49536e-06
71200	0.0770444	0.0756591	0.00125576	5.19794e-05	2.52309e-06
71300	0.0770444	0.0756585	0.00126873	5.21503e-05	2.55869e-06
71400	0.0770444	0.0756581	0.00128208	5.22686e-05	2.60205e-06
71500	0.0770444	0.0756579	0.00129574	5.23421e-05	2.65268e-06
71600	0.0770444	0.0756578	0.00130964	5.23801e-05	2.70971e-06
71700	0.0770444	0.0756578	0.00132371	5.23932e-05	2.77195e-06
71800	0.0770444	0.0756578	0.00133787	5.23925e-05	2.83793e-06
71900	0.0770444	0.0756577	0.00135204	5.23901e-05	2.90598e-06
72000	0.0770444	0.0756576	0.00136616	5.23982e-05	2.97433e-06
72100	0.0770444	0.0756573	0.00138015	5.24287e-05	3.04118e-06
72200	0.0770444	0.0756568	0.00139394	5.24934e-05	3.1048e-06
72300	0.0770444	0.0756561	0.00140745	5.26031e-05	3.16363e-06
72400	0.0770444	0.0756551	0.00142063	5.27675e-05	3.21636e-06
72500	0.0770444	0.0756537	0.0014334	5.29951e-05	3.26199e-06
72600	0.0770444	0.075652	0.0014457	5.32928e-05	3.2999e-06
72700	0.0770444	0.0756498	0.00145749	5.36655e-05	3.32987e-06
72800	0.0770444	0.0756473	0.0014687	5.41164e-05	3.35212e-06
72900	0.0770444	0.0756442	0.0014793	5.46463e-05	3.36728e-06
73000	0.0770444	0.0756407	0.00148924	5.52543e-05	3.37637e-06
73100	0.0770444	0.0756367	0.00149849	5.59371e-05	3.38074e-06
73200	0.0770444	0.0756322	0.00150703	5.66894e-05	3.38202e-06
73300	0.0770444	0.0756272	0.00151483	5.75043e-05	3.38202e-06
73400	0.0770444	0.0756218	0.00152189	5.83727e-05	3.38265e-06
73500	0.0770444	0.0756159	0.00152819	5.92845e-05	3.38581e-06
73600	0.0770444	0.0756096	0.00153374	6.02281e-05	3.3933e-06
73700	0.0770444	0.0756028	0.00153855	6.11909e-05	3.40671e-06
73800	0.0770444	0.0755957	0.00154262	6.216e-05	3.42734e-06
73900	0.0770444	0.0755883	0.00154599	6.3122e-05	3.45615e-06
74000	0.0770444	0.0755806	0.00154867	6.40639e-05	3.49367e-06
74100	0.0770444	0.0755727	0.00155071	6.4973e-05	3.54e-06
74200	0.0770444	0.0755646	0.00155214	6.58374e-05	3.59477e-06
74300	0.0770444	0.0755563	0.001553	6.66464e-05	3.65719e-06
74400	0.0770444	0.0755481	0.00155335	6.73908e-05	3.72607e-06
74500	0.0770444	0.0755398	0.00155322	6.8063e-05	3.79989e-06
74600	0.0770444	0.0755316	0.00155268	6.86571e-05	3.87685e-06
74700	0.0770444	0.0755235	0.00155179	6.91694e-05	3.95499e-06
74800	0.0770444	0.0755156	0.00155059	6.95982e-05	4.03231e-06
74900	0.0770444	0.0755079	0.00154914	6.99437e-05	4.10682e-06
75000	0.0770444	0.0755005	0.00154751	7.02084e-05	4.17667e-06
75100	0.0770444	0.0754935	0.00154575	7.03963e-05	4.24026e-06
75200	0.0770444	0.0754868	0.0015439	7.05134e-05	4.29628e-06
75300	0.0770444	0.0754806	0.00154202	7.05669e-05	4.3438e-06
75400	0.0770444	0.0754748	0.00154015	7.05654e-05	4.3823e-06
75500	0.0770444	0.0754694	0.00153834	7.0518e-05	4.41169e-06
75600	0.0770444	0.0754646	0.00153663	7.04347e-05	4.43227e-06
75700	0.0770444	0.0754603	0.00153503	7.03251e-05	4.44473e-06
75800	0.0770444	0.0754565	0.00153359	7.01991e-05	4.45009e-06
75900	0.0770444	0.0754533	0.0015323	7.00656e-05	4.44957e-06
76000	0.0770444	0.0754505	0.0015312	6.99327e-05	4.44459e-06
76100	0.0770444	0.0754482	0.00153027	6.98075e-05	4.4366e-06
76200	0.0770444	0.0754463	0.00152953	6.96954e-05	4.42701e-06
76300	0.0770444	0.0754449	0.00152895	6.96005e-05	4.41708e-06
76400	0.0770444	0.0754438	0.00152854	6.95251e-05	4.40789e-06
76500	0.0770444	0.075443	0.00152826	6.94697e-05	4.40021e-06
76600	0.0770444	0.0754426	0.0015281	6.94332e-05	4.39451e-06
76700	0.0770444	0.0754423	0.00152802	6.94133e-05	4.3909e-06
76800	0.0770444	0.0754422	0.001528	6.9406e-05	4.3892e-06
76900	0.0770444	0.0754422	0.001528	6.94064e-05	4.38891e-06
77000	0.0770444	0.0754422	0.00152798	6.94089e-05	4.38933e-06
77100	0.0770444	0.0754422	0.00152791	6.94074e-05	4.3896e-06
77200	0.0770444	0.0754421	0.00152776	6.9396e-05	4.3888e-06
77300	0.0770444	0.0754418	0.00152748	6.93688e-05	4.38604e-06
77400	0.0770444	0.0754413	0.00152705	6.9321e-05	4.38061e-06
77500	0.0770444	0.0754404	0.00152645	6.92487e-05	4.372e-06
77600	0.0770444	0.0754393	0.00152564	6.91493e-05	4.36002e-06
77700	0.0770444	0.0754378	0.00152462	6.9022e-05	4.34483e-06
77800	0.0770444	0.0754358	0.00152336	6.88678e-05	4.32699e-06
77900	0.0770444	0.0754334	0.00152188	6.86894e-05	4.30744e-06
78000	0.0770444	0.0754304	0.00152016	6.84917e-05	4.28748e-06
78100	0.0770444	0.075427	0.00151822	6.82812e-05	4.26869e-06
78200	0.0770444	0.0754231	0.00151608	6.80664e-05	4.25287e-06
78300	0.0770444	0.0754186	0.00151376	6.7857e-05	4.24191e-06
78400	0.0770444	0.0754137	0.00151129	6.7664e-05	4.2377e-06
78500	0.0770444	0.0754082	0.00150872	6.74992e-05	4.24196e-06
78600	0.0770444	0.0754023	0.00150608	6.73749e-05	4.25615e-06
78700	0.0770444	0.0753959	0.00150343	6.73033e-05	4.28137e-06
78800	0.0770444	0.0753891	0.00150083	6.7296e-05	4.31823e-06
78900	0.0770444	0.075382	0.00149833	6.7364e-05	4.36682e-06
79000	0.0770444	0.0753746	0.00149599	6.75167e-05	4.42665e-06
79100	0.0770444	0.0753669	0.0014939	6.77618e-05	4.49668e-06
79200	0.0770444	0.075359	0.0014921	6.81051e-05	4.57533e-06
79300	0.0770444	0.075351	0.00149067	6.85499e-05	4.66054e-06
79400	0.0770444	0.0753428	0.00148967	6.90972e-05	4.74994e-06
79500	0.0770444	0.0753347	0.00148917	6.97452e-05	4.84086e-06
79600	0.0770444	0.0753266	0.00148923	7.04895e-05	4.93059e-06
79700	0.0770444	0.0753187	0.00148991	7.13233e-05	5.01644e-06
79800	0.0770444	0.0753109	0.00149127	7.22372e-05	5.09595e-06
79900	0.0770444	0.0753033	0.00149334	7.32196e-05	5.167e-06
80000	0.0770444	0.075296	0.00149618	7.42573e-05	5.22794e-06
80100	0.0770444	0.0752891	0.00149981	7.53354e-05	5.2777e-06
80200	0.0770444	0.0752825	0.00150428	7.64378e-05	5.31587e-06
80300	0.0770444	0.0752763	0.00150959	7.7548e-05	5.34268e-06
80400	0.0770444	0.0752706	0.00151576	7.86493e-05	5.35907e-06
80500	0.0770444	0.0752654	0.0015228	7.97252e-05	5.36658e-06
80600	0.0770444	0.0752606	0.0015307	8.07601e-05	5.36733e-06
80700	0.0770444	0.0752563	0.00153945	8.17396e-05	5.36386e-06
80800	0.0770444	0.0752525	0.00154904	8.26512e-05	5.35905e-06
80900	0.0770444	0.0752492	0.00155943	8.3484e-05	5.3559e-06
81000	0.0770444	0.0752464	0.00157059	8.42298e-05	5.35744e-06
81100	0.0770444	0.0752441	0.00158248	8.48828e-05	5.36651e-06
81200	0.0770444	0.0752422	0.00159505	8.54401e-05	5.38563e-06
81300	0.0770444	0.0752407	0.00160825	8.59015e-05	5.41686e-06
81400	0.0770444	0.0752395	0.00162202	8.62696e-05	5.46169e-06
81500	0.0770444	0.0752387	0.00163629	8.65499e-05	5.52093e-06
81600	0.0770444	0.0752382	0.00165099	8.67505e-05	5.59468e-06
81700	0.0770444	0.0752378	0.00166606	8.68818e-05	5.68232e-06
81800	0.0770444	0.0752377	0.0016814	8.69564e-05	5.78254e-06
81900	0.0770444	0.0752376	0.00169696	8.69886e-05	5.89336e-06
82000	0.0770444	0.0752376	0.00171264	8.69941e-05	6.01229e-06
82100	0.0770444	0.0752376	0.00172836	8.69896e-05	6.1364e-06
82200	0.0770444	0.0752375	0.00174405	8.69922e-05	6.26251e-06
82300	0.0770444	0.0752373	0.00175962	8.70191e-05	6.38733e-06
82400	0.0770444	0.0752369	0.001775	8.70869e-05	6.50762e-06
82500	0.0770444	0.0752362	0.00179011	8.72114e-05	6.62038e-06
82600	0.0770444	0.0752352	0.00180487	8.74072e-05	6.72301e-06
82700	0.0770444	0.0752339	0.00181921	8.76868e-05	6.81341e-06
82800	0.0770444	0.0752321	0.00183307	8.80609e-05	6.89013e-06
82900	0.0770444	0.0752299	0.00184638	8.85376e-05	6.95243e-06
83000	0.0770444	0.0752273	0.00185908	8.91225e-05	7.00033e-06
83100	0.0770444	0.0752241	0.00187113	8.98183e-05	7.0346e-06
83200	0.0770444	0.0752204	0.00188248	9.06247e-05	7.05677e-06
83300	0.0770444	0.0752162	0.00189308	9.15387e-05	7.06898e-06
83400	0.0770444	0.0752115	0.0019029	9.25543e-05	7.07394e-06
83500	0.0770444	0.0752061	0.00191193	9.36627e-05	7.07477e-06
83600	0.0770444	0.0752003	0.00192013	9.48526e-05	7.07484e-06
83700	0.0770444	0.0751939	0.00192751	9.61106e-05	7.07759e-06
83800	0.0770444	0.075187	0.00193405	9.74212e-05	7.08637e-06
83900	0.0770444	0.0751797	0.00193976	9.87677e-05	7.10425e-06
84000	0.0770444	0.0751719	0.00194465	0.000100132	7.13386e-06
84100	0.0770444	0.0751638	0.00194874	0.000101496	7.17725e-06
84200	0.0770444	0.0751553	0.00195205	0.00010284	7.2358e-06
84300	0.0770444	0.0751465	0.00195463	0.000104146	7.31009e-06
84400	0.0770444	0.0751375	0.0019565	0.000105398	7.39992e-06
84500	0.0770444	0.0751283	0.00195771	0.000106579	7.50428e-06
84600	0.0770444	0.075119	0.00195831	0.000107676	7.62141e-06
84700	0.0770444	0.0751097	0.00195836	0.000108675	7.74889e-06
84800	0.0770444	0.0751004	0.00195791	0.000109568	7.88376e-06
84900	0.0770444	0.0750912	0.00195702	0.000110347	8.02266e-06
85000	0.0770444	0.0750822	0.00195576	0.000111009	8.16202e-06
85100	0.0770444	0.0750734	0.00195419	0.000111552	8.29822e-06
85200	0.0770444	0.0750649	0.00195238	0.000111979	8.42781e-06
85300	0.0770444	0.0750568	0.00195038	0.000112294	8.54767e-06
85400	0.0770444	0.075049	0.00194826	0.000112504	8.65514e-06
85500	0.0770444	0.0750417	0.00194608	0.000112618	8.74819e-06
85600	0.0770444	0.0750349	0.00194389	0.000112648	8.82548e-06
85700	0.0770444	0.0750287	0.00194173	0.000112606	8.88644e-06
85800	0.0770444	0.0750229	0.00193967	0.000112506	8.93124e-06
85900	0.0770444	0.0750178	0.00193773	0.000112362	8.96077e-06
86000	0.0770444	0.0750132	0.00193595	0.000112189	8.97656e-06
86100	0.0770444	0.0750092	0.00193435	0.000111998	8.98065e-06
86200	0.0770444	0.0750058	0.00193295	0.000111804	8.97542e-06
86300	0.0770444	0.0750029	0.00193176	0.000111616	8.96348e-06
86400	0.0770444	0.0750006	0.00193078	0.000111445	8.94743e-06
86500	0.0770444	0.0749987	0.00193001	0.000111295	8.92971e-06
86600	0.0770444	0.0749973	0.00192944	0.000111173	8.91245e-06
86700	0.0770444	0.0749963	0.00192903	0.00011108	8.89731e-06
86800	0.0770444	0.0749957	0.00192878	0.000111015	8.88541e-06
86900	0.0770444	0.0749953	0.00192864	0.000110976	8.87727e-06
87000	0.0770444	0.0749951	0.00192859	0.000110958	8.8728e-06
87100	0.0770444	0.074995	0.00192858	0.000110954	8.87134e-06
87200	0.0770444	0.074995	0.00192857	0.000110957	8.87177e-06
87300	0.0770444	0.074995	0.00192852	0.000110958	8.8726e-06
87400	0.0770444	0.0749949	0.0019284	0.000110948	8.87219e-06
87500	0.0770444	0.0749947	0.00192815	0.000110919	8.86886e-06
87600	0.0770444	0.0749942	0.00192774	0.000110863	8.86114e-06
87700	0.0770444	0.0749934	0.00192714	0.000110773	8.84789e-06
87800	0.0770444	0.0749923	0.00192632	0.000110644	8.82848e-06
87900	0.0770444	0.0749907	0.00192525	0.000110476	8.80292e-06
88000	0.0770444	0.0749886	0.00192393	0.000110267	8.7719e-06
88100	0.0770444	0.0749861	0.00192233	0.000110022	8.73683e-06
88200	0.0770444	0.074983	0.00192047	0.000109745	8.69982e-06
88300	0.0770444	0.0749793	0.00191835	0.000109445	8.66353e-06
88400	0.0770444	0.074975	0.00191598	0.000109134	8.63111e-06
88500	0.0770444	0.0749702	0.0019134	0.000108825	8.60595e-06
88600	0.0770444	0.0749648	0.00191064	0.000108533	8.5915e-06
88700	0.0770444	0.0749588	0.00190773	0.000108275	8.59103e-06
88800	0.0770444	0.0749522	0.00190474	0.000108068	8.60742e-06
88900	0.0770444	0.0749452	0.00190171	0.00010793	8.64293e-06
89000	0.0770444	0.0749377	0.00189871	0.000107877	8.69901e-06
89100	0.0770444	0.0749297	0.00189581	0.000107926	8.77621e-06
89200	0.0770444	0.0749214	0.00189307	0.000108091	8.87404e-06
89300	0.0770444	0.0749128	0.00189057	0.000108382	8.99099e-06
89400	0.0770444	0.074904	0.00188839	0.00010881	9.12459e-06
89500	0.0770444	0.0748949	0.0018866	0.00010938	9.27145e-06
89600	0.0770444	0.0748858	0.00188528	0.000110094	9.42748e-06
89700	0.0770444	0.0748766	0.00188449	0.00011095	9.5881e-06
89800	0.0770444	0.0748675	0.00188431	0.000111944	9.74846e-06
89900	0.0770444	0.0748585	0.0018848	0.000113066	9.90372e-06
90000	0.0770444	0.0748496	0.00188603	0.000114304	1.00493e-05
90100	0.0770444	0.074841	0.00188804	0.000115643	1.01813e-05
90200	0.0770444	0.0748327	0.00189088	0.000117064	1.02963e-05
90300	0.0770444	0.0748247	0.00189459	0.000118547	1.03921e-05
90400	0.0770444	0.0748172	0.00189921	0.000120071	1.04675e-05
90500	0.0770444	0.0748101	0.00190475	0.000121612	1.05224e-05
90600	0.0770444	0.0748034	0.00191124	0.000123147	1.05582e-05
90700	0.0770444	0.0747973	0.00191867	0.000124653	1.0577e-05
90800	0.0770444	0.0747918	0.00192705	0.000126109	1.05823e-05
90900	0.0770444	0.0747867	0.00193636	0.000127493	1.05781e-05
91000	0.0770444	0.0747823	0.00194658	0.000128789	1.05693e-05
91100	0.0770444	0.0747784	0.00195768	0.000129979	1.0561e-05
91200	0.0770444	0.074775	0.00196963	0.000131053	1.05584e-05
91300	0.0770444	0.0747722	0.00198239	0.000132001	1.05667e-05
91400	0.0770444	0.0747698	0.00199589	0.000132818	1.05903e-05
91500	0.0770444	0.074768	0.00201008	0.000133502	1.06333e-05
91600	0.0770444	0.0747665	0.00202491	0.000134057	1.06984e-05
91700	0.0770444	0.0747655	0.0020403	0.000134487	1.07876e-05
91800	0.0770444	0.0747647	0.00205617	0.000134804	1.09015e-05
91900	0.0770444	0.0747643	0.00207245	0.000135021	1.10397e-05
92000	0.0770444	0.074764	0.00208906	0.000135153	1.12003e-05
92100	0.0770444	0.0747639	0.00210592	0.000135218	1.13805e-05
92200	0.0770444	0.0747639	0.00212294	0.000135238	1.15764e-05
92300	0.0770444	0.0747639	0.00214004	0.000135235	1.17833e-05
92400	0.0770444	0.0747638	0.00215713	0.000135231	1.19961e-05
92500	0.0770444	0.0747637	0.00217412	0.000135249	1.22092e-05
92600	0.0770444	0.0747633	0.00219094	0.000135312	1.24172e-05
92700	0.0770444	0.0747627	0.00220749	0.000135442	1.26147e-05
92800	0.0770444	0.0747618	0.0022237	0.000135659	1.27971e-05
92900	0.0770444	0.0747605	0.00223949	0.000135981	1.29606e-05
93000	0.0770444	0.0747588	0.00225479	0.000136422	1.3102e-05
93100	0.0770444	0.0747566	0.00226953	0.000136997	1.32196e-05
93200	0.0770444	0.074754	0.00228365	0.000137713	1.33128e-05
93300	0.0770444	0.0747508	0.00229708	0.000138576	1.33823e-05
93400	0.0770444	0.074747	0.00230978	0.000139588	1.34301e-05
93500	0.0770444	0.0747426	0.00232169	0.000140745	1.34591e-05
93600	0.0770444	0.0747376	0.00233279	0.000142044	1.34734e-05
93700	0.0770444	0.0747321	0.00234303	0.000143472	1.3478e-05
93800	0.0770444	0.0747259	0.00235239	0.000145017	1.34781e-05
93900	0.0770444	0.0747192	0.00236085	0.000146663	1.34794e-05
94000	0.0770444	0.0747118	0.00236842	0.000148391	1.34877e-05
94100	0.0770444	0.074704	0.00237507	0.000150178	1.35083e-05
94200	0.0770444	0.0746956	0.00238083	0.000152001	1.3546e-05
94300	0.0770444	0.0746868	0.0023857	0.000153837	1.36047e-05
94400	0.0770444	0.0746776	0.00238972	0.000155659	1.36874e-05
94500	0.0770444	0.074668	0.0023929	0.000157444	1.37957e-05
94600	0.0770444	0.0746582	0.00239528	0.000159168	1.393e-05
94700	0.0770444	0.0746481	0.00239692	0.000160808	1.40894e-05
94800	0.0770444	0.0746379	0.00239786	0.000162343	1.42718e-05
94900	0.0770444	0.0746276	0.00239815	0.000163757	1.44737e-05
95000	0.0770444	0.0746172	0.00239785	0.000165033	1.46906e-05
95100	0.0770444	0.074607	0.00239704	0.000166161	1.49174e-05
95200	0.0770444	0.0745969	0.00239577	0.000167133	1.51483e-05
95300	0.0770444	0.074587	0.00239413	0.000167946	1.53774e-05
95400	0.0770444	0.0745773	0.00239216	0.000168599	1.55987e-05
95500	0.0770444	0.0745681	0.00238996	0.000169097	1.58067e-05
95600	0.0770444	0.0745592	0.00238759	0.000169447	1.59965e-05
95700	0.0770444	0.0745508	0.0023851	0.000169661	1.61641e-05
95800	0.0770444	0.074543	0.00238258	0.000169752	1.63067e-05
95900	0.0770444	0.0745357	0.00238008	0.000169737	1.64226e-05
96000	0.0770444	0.074529	0.00237765	0.000169633	1.65113e-05
96100	0.0770444	0.0745229	0.00237534	0.000169459	1.65736e-05
96200	0.0770444	0.0745175	0.00237319	0.000169236	1.66117e-05
96300	0.0770444	0.0745127	0.00237123	0.00016898	1.66283e-05
96400	0.0770444	0.0745086	0.0023695	0.000168712	1.66273e-05
96500	0.0770444	0.0745051	0.002368	0.000168445	1.66127e-05
96600	0.0770444	0.0745021	0.00236674	0.000168195	1.6589e-05
96700	0.0770444	0.0744998	0.00236573	0.000167972	1.65605e-05
96800	0.0770444	0.074498	0.00236495	0.000167784	1.6531e-05
96900	0.0770444	0.0744967	0.00236438	0.000167635	1.65038e-05
97000	0.0770444	0.0744957	0.002364	0.000167526	1.64812e-05
97100	0.0770444	0.0744951	0.00236377	0.000167456	1.64646e-05
97200	0.0770444	0.0744948	0.00236367	0.000167418	1.64543e-05
97300	0.0770444	0.0744947	0.00236363	0.000167405	1.64498e-05
97400	0.0770444	0.0744947	0.00236363	0.000167406	1.64494e-05
97500	0.0770444	0.0744947	0.0023636	0.00016741	1.6451e-05
97600	0.0770444	0.0744947	0.00236351	0.000167405	1.64517e-05
97700	0.0770444	0.0744945	0.0023633	0.000167377	1.64486e-05
97800	0.0770444	0.074494	0.00236292	0.000167316	1.64392e-05
97900	0.0770444	0.0744933	0.00236235	0.000167212	1.6421e-05
98000	0.0770444	0.0744922	0.00236153	0.000167056	1.63926e-05
98100	0.0770444	0.0744906	0.00236044	0.000166846	1.63535e-05
98200	0.0770444	0.0744885	0.00235906	0.000166578	1.63042e-05
98300	0.0770444	0.0744859	0.00235738	0.000166257	1.62465e-05
98400	0.0770444	0.0744826	0.00235539	0.000165888	1.61837e-05
98500	0.0770444	0.0744788	0.0023531	0.000165481	1.61197e-05
98600	0.0770444	0.0744742	0.00235053	0.000165052	1.60595e-05
98700	0.0770444	0.0744691	0.00234769	0.000164617	1.60089e-05
98800	0.0770444	0.0744632	0.00234463	0.000164197	1.59737e-05
98900	0.0770444	0.0744568	0.0023414	0.000163814	1.59595e-05
99000	0.0770444	0.0744497	0.00233804	0.000163491	1.59717e-05
99100	0.0770444	0.074442	0.00233462	0.000163253	1.60144e-05
99200	0.0770444	0.0744338	0.0023312	0.000163124	1.60908e-05
99300	0.0770444	0.0744251	0.00232787	0.000163125	1.62023e-05
99400	0.0770444	0.074416	0.0023247	0.000163276	1.6349e-05
99500	0.0770444	0.0744065	0.00232177	0.000163595	1.65288e-05
99600	0.0770444	0.0743967	0.00231917	0.000164095	1.67383e-05
99700	0.0770444	0.0743867	0.00231697	0.000164785	1.69723e-05
99800	0.0770444	0.0743766	0.00231527	0.000165668	1.72245e-05
99900	0.0770444	0.0743664	0.00231414	0.000166744	1.74874e-05
